free_thresh: 0.196
image: map2d.pgm
negate: 0
occupied_thresh: 0.65
origin: [-21.900001, -51.600002, 0]
resolution: 0.15
