image: map2d.pgm
resolution: 0.150000
origin: [-7.050000, -16.499999, 0]
negate: 0
occupied_thresh: 0.65
free_thresh: 0.196

